# keyframe format v1
fps 24000/1001
792
883
1089
1215
1343
1419
1470
1504
1533
1547
1720
1780
1933
2044
2050
2089
2128
2161
2296
2381
2536
2650
2719
2778
2861
3029
3157
3232
3286
3385
3571
3640
3712
3739
3769
3793
4216
4270
4295
4498
4585
4619
4645
4678
4718
4747
4985
5016
5057
5068
5071
5075
5080
5085
5096
5126
5138
5139
5140
5180
5219
5246
5275
5304
5336
5349
5367
5392
5420
5459
5485
5491
5494
5502
5562
5574
5689
5719
5743
5753
5784
5818
5863
5908
5935
5964
6004
6011
6027
6044
6063
6083
6093
6114
6125
6151
6184
6211
6227
6236
6266
6288
6319
6324
6343
6363
6370
6383
6391
6395
6405
6427
6437
6447
6462
6474
6486
6495
6512
6532
6554
6581
6601
6616
6633
6670
6694
6717
6741
6761
6781
6805
6812
6841
6854
6886
6978
7077
7167
7311
7391
7601
8087
8113
8194
8235
8299
8357
8400
8444
9380
9467
9518
9683
9707
9737
9785
9833
9977
10002
10034
10093
10264
10305
10351
10411
10464
10578
10613
10621
10647
10732
10852
11275
11316
11386
11490
11571
11715
11751
11878
11941
12037
12073
12113
12163
12230
12701
12857
12917
12984
13686
14152
14278
14335
14659
14710
14791
15112
15234
15351
15444
15588
16059
16212
16236
16254
16261
16290
16338
16397
16402
16406
16446
16494
16518
16537
16538
16566
16598
16632
16670
16706
16754
16784
16786
16859
16882
16884
16928
16931
16960
17149
17335
17383
17404
17419
17479
17573
17653
17903
17984
18031
18081
18117
18148
18174
18213
18228
18332
18494
18626
18712
18737
18774
18775
18828
19020
19213
19289
19325
19376
19505
19544
19589
19655
19662
19685
19702
19775
19787
19818
19882
20192
20307
20355
20368
20448
20477
20522
20576
20620
20777
20960
21107
21202
21277
21317
21359
21423
21444
21510
21528
21575
21599
21794
21812
21837
21914
21946
21974
21997
22034
22036
22037
22154
22294
22657
22836
23085
23086
23259
23361
23435
23479
23560
23764
23788
23832
23838
24054
24381
24470
24530
24668
24716
24765
24789
25017
25134
25245
25512
25719
25923
26055
26078
26255
26311
26458
26506
26551
26616
26643
26882
26969
27107
27236
27431
27800
27911
28186
28522
28607
28668
28784
28841
28997
29153
29225
29612
29744
29771
29891
30288
30422
30569
30659
30786
30893
31552
31860
32976
33016
33053
33091
33131
33169
33207
33244
33281
33319
33358
33397
33436
33475
33553
33592
33630
33667
33707
33742
33782
33820
33859
34004
34047
34091
34186
