# keyframe format v1
fps 24000/1001
238
269
310
321
324
328
333
338
349
379
391
392
393
433
472
499
528
557
589
602
620
645
673
712
738
744
747
755
815
827
942
972
996
1006
1037
1071
1116
1161
1188
1217
1257
1264
1280
1297
1316
1336
1346
1367
1378
1404
1437
1464
1480
1489
1519
1541
1565
1572
1577
1596
1616
1623
1636
1644
1648
1658
1680
1690
1700
1715
1727
1739
1748
1765
1785
1807
1834
1854
1869
1886
1923
1947
1970
1994
2014
2034
2058
2065
2094
2107
2139
2158
2382
2649
2802
3113
3337
3479
3560
3719
4174
4722
4895
5086
5351
5518
5746
5806
5907
6335
6350
6412
6426
6548
6700
8265
9356
9396
9425
9442
9449
9453
9486
9503
9515
9547
9570
9577
9604
9673
9802
9951
10706
10920
11231
11585
11910
12204
12416
12988
13420
13641
13752
13834
13931
14012
14176
14179
14224
14227
14231
14335
14459
14776
15106
15213
15277
15289
15310
15324
15648
15792
15810
15823
15965
15988
16095
16213
16272
16487
16510
16701
16827
16887
16931
16977
16993
17080
17230
17295
17339
17393
17432
17465
17548
17604
17931
18042
18153
18302
18509
18615
18662
18833
18848
18886
18931
18935
18937
18961
18972
18973
18974
18975
19030
19243
19259
19307
19378
19419
19582
19585
19660
19692
19720
19743
19780
19808
19832
19930
19962
20073
20139
20258
20318
20476
20557
20614
20673
20738
20786
20857
20966
21020
21065
21151
21189
21235
21293
21334
21419
21596
21731
21779
21788
21811
21823
21835
21844
21853
21872
21879
21885
21896
21909
21974
22014
22055
22088
22109
22114
22116
22130
22131
22138
22140
22155
22161
22172
22182
22188
22202
22257
22279
22297
22308
22316
22336
22366
22389
22464
22468
22475
22476
22477
22478
22493
22519
22526
22529
22538
22568
22601
22624
22665
22695
22704
22734
22756
22761
22770
22794
22830
22878
22902
22956
22986
23004
23028
23046
23070
23079
23100
23118
23138
23174
23186
23222
23246
23258
23270
23294
23314
23318
23364
23384
23408
23440
23464
23480
23504
23558
23568
23572
23704
23731
23737
23747
23789
23821
23841
23843
23878
23912
23933
23954
23986
24032
24053
24086
24089
24122
24158
24230
24302
24350
24356
24380
24395
24398
24410
24431
24449
24462
24468
24470
24471
24474
24495
24525
24573
24585
24621
24639
24669
24693
24701
24724
24730
24746
24768
24774
24870
24938
25139
25181
25273
25357
25470
25537
25589
25627
25685
25732
25773
25796
25808
25848
25900
25903
25917
25988
26055
26201
26217
26225
26287
26300
26374
26381
26384
26396
26465
26469
26480
26545
26568
26595
26604
26638
26661
26731
26733
26754
26758
26759
26768
26775
26792
26812
26832
26861
26899
26918
26949
26972
26998
26999
27009
27027
27031
27037
27076
27106
27121
27123
27137
27140
27141
27142
27143
27144
27145
27232
27268
27325
27366
27419
27466
27482
27506
27569
27606
27671
27681
27682
27683
27684
27685
27699
27700
27701
27702
27703
27704
27711
27730
27788
27789
27868
27898
27915
27955
28002
28102
28129
28133
28165
28182
28183
28185
28186
28188
28218
28250
28281
28353
28355
28370
28373
28376
28383
28385
28426
28461
28496
28523
28525
28529
28554
28557
28558
28575
28577
28579
28580
28631
28729
28888
29046
29184
29312
29389
29445
29528
29750
29825
29885
29954
30032
30068
30119
30190
30247
30318
30328
30331
30336
30350
30351
30354
30408
30417
30428
30430
30435
30437
30439
30445
30456
30462
30485
30517
30528
30575
30587
30598
30607
30629
30633
30642
30643
30659
30712
30752
30771
30819
30831
30864
30868
30882
30903
30919
30949
30995
31016
31037
31040
31041
31052
31054
31070
31071
31072
31076
31109
31120
31180
31207
31217
31238
31280
31292
31293
31295
31296
31297
31298
31305
31329
31370
31405
31434
31443
31445
31461
31471
31479
31491
31538
31565
31587
31603
31629
31649
31659
31661
31663
31670
31678
31681
31682
31684
31713
31730
31770
31801
31839
31878
31923
31947
32023
32089
32128
32129
32140
32194
32217
32221
32317
32362
32392
32430
32475
32537
32567
32590
32633
32681
32705
32735
32782
32816
32877
32901
32929
32957
33038
33076
33100
33378
33429
33453
33548
33632
33719
33817
33858
33874
33912
33948
33984
33990
34020
34139
34278
34333
34410
34476
34562
34668
34764
34824
34929
34953
35046
35090
35114
35171
35476
35579
35697
35822
36021
36059
36066
36155
36397
36505
36587
36676
36922
37053
37149
37211
37664
37880
38967
39007
39044
39082
39122
39160
39198
39235
39272
39310
39349
39388
39427
39466
39544
39583
39621
39658
39698
39733
39773
39811
39850
39995
40040
40180
