# keyframe format v1
fps 24000/1001
238
269
310
324
328
333
349
379
391
392
393
433
472
499
528
557
589
602
620
645
673
712
738
744
747
755
815
827
942
972
996
1006
1037
1071
1116
1161
1188
1217
1257
1264
1280
1297
1316
1336
1346
1367
1378
1404
1437
1464
1480
1489
1519
1541
1572
1577
1596
1616
1623
1636
1644
1648
1658
1680
1690
1700
1715
1727
1739
1748
1765
1785
1807
1834
1854
1869
1886
1923
1947
1970
1994
2014
2034
2058
2065
2094
2107
2139
2158
2295
2516
2803
2875
3010
3106
3325
3403
3407
3409
3431
3432
3491
3526
3533
3535
3551
3578
3583
3586
3589
3607
3631
3643
3663
3666
3672
3700
3717
3722
3732
3761
3806
3834
3856
3863
3887
3947
3962
3965
3993
3995
4019
4033
4043
4052
4055
4056
4109
4150
4239
4263
4304
4362
4434
4596
4656
4704
4737
4797
4911
4934
5054
5083
5117
5133
5138
5206
5258
5316
5321
5343
5382
5391
5410
5464
5499
5531
5567
5783
5908
6028
6116
6236
6275
6563
6731
6802
6981
7104
7271
7521
7838
7861
7871
7872
7876
8002
8141
8148
8199
8224
8259
8287
8315
8352
8382
8425
8459
8502
8512
8573
8626
8637
8662
8674
8678
8704
8722
8740
8790
8796
8804
8820
8839
8861
8880
8900
8906
8922
8932
8933
8939
8984
8988
9014
9017
9043
9052
9065
9093
9102
9149
9196
9211
9220
9229
9231
9248
9254
9262
9264
9326
9392
9487
9571
9628
9691
9797
9838
9884
9906
9912
9915
9920
9933
9946
9948
9969
9993
10029
10053
10113
10137
10161
10170
10218
10236
10332
10490
10492
10493
10494
10508
10511
10519
10530
10551
10562
10566
10574
10615
11070
11284
11397
11503
11574
11592
11593
11802
11921
11957
12029
12115
12293
12455
12623
12795
13079
13082
13103
13160
13164
13167
13170
13297
13304
13534
13537
13543
13640
13948
13954
14060
14166
14283
14343
14509
14713
14967
15026
15312
15423
15549
15813
15831
16047
16444
16800
16996
17074
17188
17254
17272
17320
17350
17590
17645
17774
18030
18664
18733
19076
19250
19445
19494
19832
20040
20604
20796
20868
20907
20937
21003
21039
21105
21158
21305
21575
21635
21658
21681
21704
21727
21750
21773
21851
21929
22010
22120
22139
22144
22162
22185
22192
22208
22225
22243
22272
22311
22325
22349
22490
22522
22550
22573
22610
22676
23288
23480
23594
23822
23831
23927
24041
24299
24598
24818
25735
25946
26051
26342
26486
26683
26807
26879
27025
27073
27115
27265
27624
27870
27907
27939
28173
28191
28201
28209
28227
28245
28266
28281
28569
28818
28950
29022
29189
29221
29265
29343
29475
29642
29822
29855
29869
29915
29940
30108
30323
30586
30925
31101
31263
31401
31778
32976
33016
33053
33091
33131
33169
33207
33244
33281
33319
33358
33397
33436
33475
33553
33592
33630
33667
33707
33742
33782
33820
33859
34004
34047
