# keyframe format v1
fps 24000/1001
108
381
489
525
681
811
904
966
1089
1128
1164
1390
1444
1486
1533
1605
1709
1815
2437
2506
2604
2682
2764
2920
3001
3010
3090
3159
3288
3635
3827
3836
3920
3968
4013
4037
4074
4134
4297
4432
4460
4563
4964
5072
5273
5694
5877
5944
5980
6025
6048
6072
6090
6108
6125
6149
6177
6393
6613
6728
6793
6848
6891
6930
6961
6990
7026
7059
7083
7099
7122
7242
7569
7928
8019
8021
8048
8101
8112
8124
8148
8168
8170
8192
8216
8231
8278
8309
8405
8738
8835
8927
9348
9379
9420
9431
9434
9438
9443
9448
9459
9489
9501
9502
9503
9543
9582
9609
9638
9667
9699
9712
9730
9755
9783
9822
9848
9854
9857
9865
9925
9937
10052
10082
10106
10116
10147
10181
10226
10271
10298
10327
10367
10374
10390
10407
10426
10446
10456
10477
10488
10514
10547
10574
10590
10599
10629
10651
10682
10687
10706
10726
10733
10746
10754
10758
10768
10790
10800
10810
10825
10837
10849
10858
10875
10895
10917
10944
10964
10979
10996
11033
11057
11080
11104
11124
11144
11168
11175
11204
11217
11249
11269
11449
11557
11725
11820
11950
12019
12070
12236
12270
12304
12346
12678
12836
12880
12943
13074
13145
13167
13173
13186
13273
13537
13549
13614
13744
14096
14187
14210
14353
14550
14561
14606
14757
14888
15008
15011
15032
15119
15125
15128
15131
15149
15344
15590
15673
15925
16147
16362
16458
16613
17023
17164
17224
17274
17331
17362
17378
17478
17639
17698
17774
17861
17917
17965
18068
18115
18178
18222
18262
18381
18451
18508
18610
18633
18656
18702
18890
19018
19225
19301
19396
19543
19635
19747
19869
19924
19939
19945
19956
20032
20061
20067
20075
20105
20129
20150
20285
20315
20321
20323
20359
20391
20451
20483
20539
20573
20602
20610
20612
20626
20642
20661
20689
20690
20694
20696
20698
20704
20705
20709
20715
20718
20729
20739
20743
20744
20747
20748
20750
20751
20760
20763
20768
20771
20778
20787
20796
20808
20816
20820
20822
20830
20845
20848
20856
20863
20873
20877
20882
20885
20902
20947
20965
20982
20998
21005
21043
21067
21098
21107
21143
21173
21187
21205
21214
21222
21243
21313
21320
21331
21342
21378
21405
21406
21408
21428
21448
21471
21509
21533
21556
21579
21617
21651
21696
21707
21763
21800
21841
21947
21948
22169
22421
22516
22628
23184
23744
23827
24340
24413
24671
24776
24877
24987
25095
25300
25395
25608
25612
25643
25681
25790
25856
25960
26059
26132
26208
31501
31502
31503
31540
31541
31542
31683
31717
31743
31776
31816
32975
33015
33052
33090
33130
33168
33206
33243
33280
33318
33357
33396
33435
33474
33552
33591
33629
33666
33706
33741
33781
33819
33858
34003
34046
34196
34252
