# keyframe format v1
fps 24000/1001
72
506
698
755
774
783
879
977
1143
1345
1578
1816
1924
1959
1961
1968
1971
2096
2135
2317
2399
2481
2525
2584
2624
2652
2655
2715
2727
2815
2878
2879
2929
2974
3015
3035
3082
3125
3209
3251
3327
3362
3418
3460
3516
3541
3566
3677
3725
3746
3916
3976
4131
4274
4752
5229
5371
5609
5640
5681
5692
5695
5699
5704
5709
5720
5750
5762
5763
5764
5804
5843
5870
5899
5928
5960
5973
5991
6016
6044
6083
6109
6115
6118
6126
6186
6198
6313
6343
6367
6377
6408
6442
6487
6532
6559
6588
6628
6635
6651
6668
6687
6707
6717
6738
6749
6775
6808
6835
6851
6860
6890
6912
6943
6948
6967
6987
6994
7007
7015
7019
7029
7051
7061
7071
7086
7098
7110
7119
7136
7156
7178
7205
7225
7240
7257
7294
7318
7341
7365
7385
7405
7429
7436
7465
7478
7510
7624
8105
8244
8322
8451
8517
8818
8881
8922
8954
9074
9122
9167
9298
9307
9378
9444
9545
9602
9683
9962
10334
10598
10656
10688
10898
11147
11327
11471
11903
12050
12251
12356
12488
12569
12842
12911
12992
13127
13238
13424
13442
13461
13469
13492
13507
13530
13544
13552
13564
13570
13571
13591
13624
13632
13816
14284
14359
14461
14861
15025
15805
16039
16123
16129
16236
16356
16395
16523
16565
16697
16733
16871
16877
16928
17023
17041
17119
17122
17136
17139
17140
17141
17145
17159
17205
17240
17270
17326
17334
17366
17418
17432
17462
17576
17633
17688
17706
17720
17753
17784
17819
17891
17921
18067
18139
18190
18238
18311
18464
18496
18528
18545
18639
18663
18705
18744
18762
18785
18842
18865
18914
18938
18962
18986
19010
19062
19130
19190
19325
19408
19697
19784
19828
19897
19924
19945
19990
20086
20344
20440
20773
20878
20967
21468
21508
21537
21542
21587
21608
21626
21639
21679
21721
21725
21741
21774
21788
21795
21819
21834
21860
21875
21972
22050
22155
22203
22311
22431
22494
22685
22752
22872
22890
22915
22992
23085
23157
23247
23283
23337
23385
23442
23502
23559
23727
23757
23889
23949
24006
24168
24201
24393
24546
24708
24810
25065
25140
25185
25221
25245
25290
25329
25416
25526
25633
25879
25993
26056
26104
26200
26360
26386
26473
26497
26512
26527
26542
26602
26632
26674
26818
26908
26934
26959
26961
26973
27001
27031
27106
27166
27256
27388
27436
27547
27739
27939
28215
28407
28488
28512
28680
28764
28842
28849
28851
28857
28920
29022
29160
29238
29280
29388
29415
29432
29458
29481
29505
29517
29534
29545
29546
29553
29557
29559
29605
29607
29631
29672
29696
29731
29776
29812
29872
29878
29898
29910
29922
29942
29953
30013
30082
30117
30123
30140
30164
30214
30237
30246
30247
30249
30254
30264
30281
30293
30329
30376
30423
30477
30517
30553
30589
30621
30681
30789
30849
30993
31113
31182
31224
31272
31326
31348
31621
31732
31816
32975
33015
33052
33090
33130
33168
33206
33243
33280
33318
33357
33396
33435
33474
33552
33591
33629
33666
33706
33741
33781
33819
33858
34003
34046
34117
34273
