# keyframe format v1
fps 24000/1001
238
269
310
321
324
328
333
338
349
379
391
392
393
433
472
499
528
557
589
602
620
645
673
712
738
744
747
755
815
827
942
972
996
1006
1037
1071
1116
1161
1188
1217
1257
1264
1280
1297
1316
1336
1346
1367
1378
1404
1437
1464
1480
1489
1519
1541
1572
1577
1596
1616
1623
1636
1644
1648
1658
1680
1690
1700
1715
1727
1739
1748
1765
1785
1807
1834
1854
1869
1886
1923
1947
1970
1994
2014
2034
2058
2065
2094
2107
2139
2158
2350
2487
2499
2544
2577
2640
2746
3151
3433
3616
3867
3943
4152
4346
4369
4660
4753
4812
4836
4987
5066
5138
5219
5337
5621
5957
6029
6030
6212
6429
6492
6561
6636
6720
6767
6890
7097
7145
7229
7390
7438
8046
8070
8094
8152
8218
8299
8397
8641
8765
9145
9450
9508
9701
9749
9902
10091
10150
10359
10634
10820
10917
10947
11043
11196
11395
11415
11437
11479
11518
11519
11871
12001
12107
12872
12998
13310
13362
13451
13686
13792
13864
13972
14023
14179
14281
14388
14398
14491
14833
15043
15100
15160
15165
15168
15197
15268
15409
15433
15508
15547
15757
16009
16069
16266
16505
16727
16876
16946
17225
17288
17367
17558
17594
17630
17666
17702
17862
18006
18051
18095
18113
18492
18506
18575
18891
19130
19190
19244
19315
19384
19466
19759
19981
20096
20233
20635
21080
21224
21246
21334
21429
21478
21501
21756
21947
22043
22616
22739
22927
23147
23409
24800
24858
25049
25249
25375
25494
25499
25504
25554
25581
25617
25728
25796
25957
26244
26500
26541
27000
27094
27157
27305
27448
27585
28001
28214
28363
28608
28788
28970
29022
29099
29205
29319
29409
29522
29699
29848
29881
30001
30361
30599
30736
31365
31562
31742
31816
32975
33015
33052
33090
33130
33168
33206
33243
33280
33318
33357
33396
33435
33474
33552
33591
33629
33666
33706
33741
33781
33819
33858
34003
34046
34078
34165
34280
34348
